0 0 192
0 13 4 20 69
0 16 28 11 41 41 12
0 17 7 173 63
0 22 8
0 33 2
0 39 97 34 122
0 48 86
0 50 70
0 52 91
0 61 11 23 59 39 43
0 69 30
0 72 9
0 86 32 32 58
0 99 32 9 90 23 36
0 106 156
0 118 133
0 121 14
0 125 112 69 103 13 144
0 126 31
0 136 4
0 137 41 85 64
0 142 104 2 106
0 160 152 12 95 1 5 41 131
0 169 23
0 172 48 56 9
0 173 44 176 194
0 177 12
0 201 114 122 23 10 67
0 203 28 117 81 26 55 103 12
0 204 6
0 209 40
0 212 44
0 223 14 38 16
0 229 88 107 103
0 232 20
0 237 6
0 248 70
0 252 17 5 2 90 36 47 44
0 265 25 101 12
0 269 11
0 292 46
0 302 41 135 14
0 304 17
0 307 13
0 308 152
0 310 9
0 312 7
0 318 22
0 321 4
0 328 22 2 9
0 335 1
0 338 2 28 43
0 342 1 13 56
0 343 16 77 26 8 4
0 345 2
0 357 58 19 17
0 375 151 4 1
0 381 50 29 50
0 382 40 28 97
0 387 2
0 390 16
0 401 67 53 165 18 60
0 411 143
0 413 27
0 420 24 31 19
0 430 116 93 22
0 439 31
0 443 89 22 40
0 448 143 2 37
0 453 73 19 30 13 22 37 39 26 49 26 1 26 44
0 454 87 51 84
0 466 96 146 27 6 6
0 469 8 111 34 14 49
0 474 49 5 33
0 475 2 62 2
0 476 40
0 478 124
0 488 133 144 196
0 503 43 100 11
0 509 27
0 512 247
0 515 64
0 520 59 14 295 16 69 2 14 6 115
0 543 189 20 55
0 547 80 110 1
0 548 54 10 13
0 554 109
0 555 91 97 30
0 560 85
0 564 1
0 568 17
0 572 162 98 25
0 574 10
0 580 44
0 587 34 4 95 15 105 168 11
0 590 38 53 256 77 10
0 600 27
0 612 52
0 615 48 44 117 15 72
