0 0 86
0 2 143 26 403 15 126
0 5 123 12 36
0 6 188
0 7 66 1 91
0 10 298 4 35 14 33
0 15 536
0 22 538 2 16 3 146 26 90
0 24 144 42 9 15 173
0 25 30 10 8
0 28 224
0 32 54 83 80
0 42 100 27 252
0 43 21 1 110
0 46 107
0 48 184 9 205
0 49 46
0 53 51 3 282
0 55 170 8 207
0 78 255
0 79 140 21 30
0 80 222 2 136
0 82 26 12 110
0 88 49
0 95 94 16 230
0 98 388 21 35 22 15 24 9 1 75 2 2
0 99 154 10 237
0 104 61 14 140
0 107 378
0 114 323 20 241
0 117 633 6 220
0 120 56
0 127 56 30 30
0 147 4 28 245
0 151 11
0 153 26
0 157 28 3 140
0 162 178 29 172 1 124 14 157 4 140
0 163 71
0 172 24
0 174 230
0 180 290
0 184 119 7 97
0 186 79
0 196 9 3 191
0 199 325
0 202 4 9 70 7 62 3 85
0 204 297 18 157 10 373 16 38
0 207 102 2 10
0 209 415
0 216 33 33 195
0 221 37
0 225 93
0 227 513 11 79 4 3
0 229 316 12 67
0 234 190 29 259 19 11 16 98 14 3
0 235 254 2 58
0 236 319 26 28
0 239 102 10 181
0 240 273 13 249
0 241 471 42 337 40 190
0 256 190 16 501
0 257 20
0 259 25
0 277 104
0 278 402 71 75
0 292 45
0 298 411
0 310 75
0 316 610
0 317 87 12 59 12 183 5 95
0 319 397
0 321 112
0 322 288 2 22
0 323 144 4 337
0 330 110 30 19
0 340 243 6 139 6 34
0 341 133 13 245
0 342 187
0 345 48 4 33
0 352 125 13 27 18 98 28 700
0 356 223
0 359 1 15 66
0 387 44 3 30 46 80 16 85
0 389 184 1 72
0 399 10 23 216
0 402 426 25 358
0 403 156
0 404 37
0 408 49
0 423 50
0 424 190 4 62 24 89
0 425 104
0 427 206 12 33 13 96
0 433 262 3 165
0 443 11 3 283
0 447 17 8 102
0 451 406
0 454 141
0 459 22
