0 0 1 39 72
0 3 82 60 20
0 8 173
0 10 32
0 11 12 33 2
0 31 1 22 37 111 8
0 39 39 39 62 161 140
0 60 162 26 43
0 65 44
0 78 13
0 82 38
0 84 66 21 16 91 81
0 90 17 109 29
0 94 46
0 101 5
0 111 107 25 97 20 25
0 115 14 32 11
0 120 76 27 106 37 64 67 9 23 35
0 125 57
0 135 44 59 97 71 32
0 148 75 13 45
0 153 27 105 46
0 156 63 8 45
0 157 35 54 36 107 43 60 12 13 30 62 50
0 161 141 39 59
0 170 64 59 70
0 186 82 36 31
0 190 16 176 35 137 5
0 191 8 18 26
0 193 177 76 96
0 198 73 4 137
0 199 35 25 23
0 200 50
0 203 21 9 56
0 230 31
0 232 41
0 240 80 294 7 94 1
0 243 42 7 20
0 248 29
0 252 10 7 47
0 254 19 4 29
0 263 23
0 267 30 61 26
0 275 19 25 3 15 149
0 276 39 51 6 31 57
0 282 147
0 283 24 7 6
0 285 1 22 5
0 290 69
0 291 30 36 85 329 23 20 81
0 292 19 17 5
0 294 170 44 27 61 3 10 16
0 302 40 28 43
0 307 27 131 3 23 7
0 316 11 75 8
0 318 46
0 325 67 39 51 24 43 28 24
0 331 9
0 334 11 81 11
0 340 1
0 342 41
0 351 16 70 18 17 129
0 359 63 9 91
0 360 1
0 363 21 53 19
0 368 20 138 23 2 6
0 378 85
0 384 23 136 39
0 394 57 5 14
0 399 3
0 400 51
0 402 10 180 6
0 405 161
0 409 85 38 52
0 411 21 78 37
0 413 60 17 41 45 14
0 424 31 12 37
0 430 37 56 41
0 431 15 7 18
0 437 2
0 438 106 3 182
0 439 9
0 449 52
0 459 25
0 464 17 174 9 56 6
0 468 146
0 481 26 11 62 40 32 9 5 34 6 20 37 2 33
0 483 86
0 492 24 237 132
0 493 57 16 10
0 496 23 41 91
0 509 23
0 513 66
0 514 100 46 84
0 519 1 50 142
0 520 151 92 19 140 40 15 22
0 535 64 68 73 7 24
0 547 26 19 113
0 550 67
0 552 11 34 45
