0 0 105
0 2 99
0 4 116 11 14 37 28
0 5 8
0 6 95 10 25
0 17 178 40 196 19 22 1 570 8 219
0 31 95
0 38 55 3 31
0 44 7 5 418
0 45 430 19 548
0 50 613 24 78
0 51 6 1 50
0 54 438
0 59 35 13 252 8 277
0 66 9 20 52
0 67 6 37 15 3 56 13 45
0 79 79
0 83 30 9 58
0 84 382
0 87 176 13 168 6 61
0 92 45
0 100 75 4 9
0 109 41
0 120 117
0 125 272 18 144 1 109
0 130 21
0 131 151 13 47
0 136 153 4 304
0 137 223 15 516
0 139 180 31 116
0 140 34
0 142 351
0 145 69
0 151 249
0 164 68 17 153
0 169 341 13 28
0 171 190 8 178
0 183 169
0 193 59 14 344
0 195 302
0 196 576 9 78 2 130
0 199 153
0 206 166
0 228 108 23 21
0 231 93 10 3
0 233 566 48 80
0 235 47
0 240 29
0 247 197
0 250 271 16 122 7 155 8 297
0 257 90 12 133
0 261 230
0 265 78
0 266 56 3 313
0 268 60 1 7
0 273 216 5 21 3 131 1 97
0 278 34 3 54
0 281 138 21 265 29 66
0 283 59 13 5 25 302
0 287 84
0 288 16 9 280
0 289 845 1 49
0 292 105 7 260
0 297 494 18 590
0 299 46
0 301 62
0 303 51
0 306 55 6 140 2 8
0 308 56 9 18
0 310 54
0 312 28
0 328 72 9 125 40 79 1 86 31 22 5 157 21 160
0 344 33 52 306 24 143
0 350 78
0 352 17 28 206
0 353 102 15 30
0 356 190
0 361 170 2 209 10 80
0 366 25
0 370 29 37 388
0 372 41 73 47
0 375 66 2 169
0 376 11
0 377 33 6 281
0 383 307 6 435
0 385 111 5 78 23 87 7 37 20 198
0 397 262
0 402 178 1 107 21 315 3 48
0 403 128 27 3
0 405 99
0 406 152 12 218 23 159
0 409 97 45 89
0 415 8 5 304 2 259 28 202
0 417 118 4 109 74 20
0 419 132
0 421 64
0 425 28 4 148
0 432 82 1 71 12 45
0 433 36 9 6
0 436 58 18 403 31 86 35 637
