0 0 77 2 47
0 5 121 4 72 14 116
0 15 64
0 45 104
0 47 27
0 48 92
0 50 54
0 52 9 9 78 89 9
0 58 70
0 65 24
0 74 12 47 18
0 82 14
0 88 7
0 89 84
0 90 7 10 12
0 102 176
0 107 5 17 187 7 84
0 118 68 38 91 10 258 72 59
0 119 117 152 2 60 34 60 13 77 10
0 125 8
0 126 41
0 130 122
0 147 109 7 30 132 35
0 149 117 61 9 33 76 45 62
0 157 129 12 259 8 47
0 163 112 75 21
0 169 49
0 173 10 58 12 78 52
0 177 63 62 75
0 182 13
0 187 84 18 3 23 88 26 76 15 19
0 199 9 26 90 48 115 36 5 38 3
0 204 83
0 209 156 58 18
0 210 62 14 7
0 216 28 46 48
0 218 54 16 12
0 224 34 112 1
0 227 40
0 237 200
0 242 81 16 59
0 245 117
0 250 85 176 18
0 253 86 47 34 41 27
0 258 2 56 117 98 34 60 8
0 261 15 44 2 33 31
0 263 6 13 6
0 278 16 51 134
0 281 40 21 12
0 286 120 74 60
0 291 24
0 298 23 8 5
0 302 55 221 77
0 303 100 113 88 126 27
0 310 41 44 37
0 320 18 36 1
0 325 47 118 12
0 331 18 14 50
0 332 76 40 32
0 348 83 118 1
0 349 4
0 356 39
0 359 77 8 56
0 378 97
0 379 87
0 383 2
0 399 27 7 12
0 401 36 90 32 32 1 6 74 45 24 3 16
0 404 28 105 5
0 413 12 17 59
0 421 27 19 56 103 137
0 422 31 107 60
0 424 42 84 3 2 53
0 431 4
0 440 104
0 441 4
0 455 50 21 45
0 471 84
0 481 14 14 26
0 482 111 17 29 33 3
0 485 103 28 45 9 5
0 490 39
0 498 54 17 72 42 78
0 520 11
0 522 27 43 19 11 120
0 528 6
0 532 27 20 55
0 546 34 3 65
0 555 36
0 561 3 164 9 10 8
0 562 35 156 42 29 65 2 5
0 579 39
0 580 44 18 3
0 585 116
0 593 25
0 595 30
0 600 3 61 76
0 602 71
0 613 182
0 614 7 266 5
