0 0 1
0 9 34 45 54 3 30 50 10 40 37
0 15 7 20 167
0 22 27 112 65
0 32 74 81 24 5 21 9 12
0 37 115 19 185
0 38 46 111 11
0 45 9
0 48 40 56 58
0 50 49 38 33 28 38
0 52 27
0 55 21 35 35 39 85 22 38
0 57 17 33 18
0 61 27 15 54
0 69 340
0 71 62
0 73 18 34 37
0 89 45
0 95 22
0 102 20
0 107 35 31 33 45 11
0 109 4 106 133 139 29
0 119 34
0 139 14 116 1
0 147 6 166 14
0 151 16 47 29
0 156 33 17 132
0 159 19
0 162 47
0 167 183
0 168 1
0 171 19 150 28
0 175 45 32 21
0 179 65
0 187 7 7 2 90 7
0 193 3
0 195 36 9 38 26 39
0 198 121
0 209 52 138 26 33 41
0 211 85 21 22
0 225 72 24 28
0 226 6 73 4
0 227 2 64 33
0 233 83 33 7
0 237 143 45 34 26 30
0 240 25 2 8
0 241 78
0 244 5 1 136 49 35 244 60 77 4
0 246 36
0 247 83 94 40
0 251 15
0 253 13 24 44
0 255 6 11 4
0 256 171 236 100 39 24
0 257 40 54 3 45 37
0 263 5 7 2 61 33
0 265 4 17 15
0 268 28
0 272 80
0 274 64 142 74
0 279 26
0 284 43 87 21
0 289 132
0 295 105 15 41
0 297 45 1 100 33 27 20 337
0 301 63 93 125
0 305 11 3 65
0 307 11
0 310 102 134 10
0 325 20
0 327 15 52 19 102 73 25 14
0 332 31 25 40
0 335 192
0 338 12 1 40
0 339 12 154 23 3 130
0 340 47 158 47
0 341 43 71 64
0 344 57
0 346 80
0 347 32
0 352 12 58 26
0 353 97
0 360 34 16 3
0 388 89 30 111
0 390 10
0 393 8 7 34
0 395 1
0 398 49 19 15
0 400 12
0 404 3 133 25
0 405 16
0 408 14 29 10
0 413 138 9 5
0 416 48 19 30
0 419 45
0 428 2
0 430 4
0 438 12
0 451 7
0 458 45 14 40
